3131 -7448
-1678 4864
3639 1426
4061 6658
-1219 4998
1130 -3821
402 1767
-5108 -5770
-5174 494
-2841 2775
991 -917
5775 -1926
2762 -7658
4879 5088
3103 1023
3350 781
2141 6360
398 5358
2024 1165
-1791 1398
-4844 1550
-4662 6881
-5450 -1230
-6949 -2860
864 -2031
-6135 397
-672 -5353
7026 8060
-3114 -2431
-2157 -4969
-4396 7070
-4882 -840
-3168 -2758
-6702 4440
-1357 2778
3975 -1701
1578 3109
-3153 -1297
7829 -592
8007 -440
-810 -4621
-3006 2283
-6848 1356
119 8044
7033 -7731
2297 5462
-2775 2373
-5123 -4195
-744 4906
993 5575
-3710 -4868
6158 -1824
4043 5386
-7264 -6173
-5551 2435
427 -310
5930 1651
-2099 1383
6435 3678
719 5584
-6947 5153
5398 7106
-3573 4597
3265 -3914
-982 2110
3867 -7895
-4841 2300
-6659 -6918
-7708 474
1069 4755
3423 -3035
5227 -3739
2528 1001
-7354 -4835
1889 4742
-5151 -6456
8095 6327
-8101 -2693
1272 7436
-2676 -4613
-3256 3604
470 -1498
-6657 1829
3018 -2359
7433 1731
5013 -7261
2482 6732
473 -2076
2063 2585
4285 6634
-3099 -8093
6867 -616
2136 -3649
-1695 -5294
4941 -3946
-737 -270
772 293
-1832 -2412
-7071 3768
1562 1318
-2373 3831
-3684 -7718
135 2123
-2798 -1717
1889 6147
-5429 2456
4063 5433
1196 -2533
6431 3529
-6941 8109
-1983 6712
5197 -3428
-3357 -7446
7066 -2720
792 7357
-417 -6203
6791 -2481
-1660 -7028
-4526 4491
-6771 -5734
-7688 -6479
-594 -6176
5003 4726
-5878 7725
8064 -1184
874 1031
2158 -6439
-4759 -2640
-1834 -2569
-265 2316
1606 3119
-3872 3624
1113 -3854
4043 3819
-5545 5132
1497 -741
3866 -1230
3151 4814
-148 -7798
5049 -3824
6056 -1210
-7644 -5418
2258 1495
-5671 -1208
5028 5010
-2509 -6519
1932 4499
1821 288
5805 1703
7658 -3460
-6293 4155
4393 2373
-4331 -4432
-7033 2103
-4989 7227
7538 1433
8108 -7762
3551 -3352
-7506 -735
2951 -6512
6907 -2768
-5873 -4389
-3168 2707
-6126 1316
-6385 5369
-3583 -5948
351 178
-6409 -6274
-787 5169
-6269 2617
46 -2657
-6633 3258
3405 7063
-3777 4766
-741 -8034
-1022 -4724
-7961 3878
-3327 1200
-1191 1361
8074 7851
5915 -917
-5757 -3497
-3799 -2115
3304 3659
831 -4650
-3226 1528
-1326 -7809
4228 5642
4676 -2851
-199 2813
4474 3333
-2033 -7348
6888 -4697
7720 1550
6650 6056
-4045 4549
650 -4751
-4918 -294
666 -308
7299 851
6126 -1668
6211 -5454
1387 -6111
-2112 -2845
-2039 -7182
5827 7612
3320 -4591
-6375 3438
-4063 2228
-5257 5411
4065 -6700
-1926 810
-7498 -6813
-5613 6787
-3663 -4640
6624 -7049
-4677 -2504
-6289 -1368
1999 -1281
-8035 4054
2722 7218
-7148 7699
-6131 -1263
536 -4763
-3516 -1754
-2014 7131
7741 919
-5374 -1642
4235 -6712
-910 -1138
7169 -3871
1652 2861
-3034 -5984
-3872 2013
5584 7872
4850 -5923
6253 6900
4626 -6821
6413 689
1178 -7463
-3861 -1701
5068 -67
-3164 6335
2243 6971
-2280 3782
-5288 -3556
7654 -6578
23 -7900
2482 6100
-6206 -7230
386 3788
-1701 7295
31 -1480
-1850 -621
-8052 4925
6910 -3728
-3263 4752
1211 2368
2401 3684
3136 -7735
3088 -6854
-6545 -446
4826 2444
-5602 -4929
4495 2736
7276 -5493
2700 -1584
-399 667
-3679 2977
-1293 -4093
188 -1937
-7605 -6542
3827 300
5788 -4591
-6971 4780
2067 -289
-669 -6922
-250 -7478
3619 7431
-5432 1989
630 -4084
5052 7766
4692 -3036
-3884 1227
2953 -5588
-4965 6594
-2915 275
1847 5053
6201 6606
5507 5473
-3080 -5870
-6786 480
-4492 -4853
-110 568
-4352 7182
-2328 -1293
6918 4378
-419 2491
-7569 -1516
5078 -5221
1432 -7888
-229 -7550
-3593 -1839
-7003 -2324
-1468 3488
2457 7474
-1627 689
2921 -3195
3403 384
-5774 2964
-846 4829
2713 6841
-393 -5989
5550 -5390
7068 6417
-2761 2329
-6477 2185
-5788 -5561
-6034 -5379
5562 3368
-1928 -5378
-512 741
3399 -2076
-2574 3964
5281 -4374
-2877 8036
2521 5961
-3422 -3694
7512 3064
7626 1684
-6265 -6007
595 4702
-323 4780
-7171 1690
4557 6058
-6564 -4618
5561 2719
-5264 -7254
2374 1824
-3077 -7848
-2482 3351
1511 5321
1313 4882
-2785 353
-7838 -7437
4700 7626
-6609 -4246
4384 6091
-5566 3687
3206 2232
-7178 -4500
-4386 7314
-4851 -5749
-6536 -4509
7448 4927
-2876 -5528
-5908 1679
1205 7280
6034 1090
2368 3391
819 -5295
6265 3013
-7613 -4741
731 -6561
2604 -7909
6639 2949
-5611 -2214
6064 -5720
6336 1672
393 -1991
-5507 3916
5948 1353
7274 866
1287 5767
-4609 -945
-2664 -7519
-2927 -7601
7119 2212
-7678 5051
4365 6640
-1536 2477
-5846 108
-6277 -3028
1241 6477
6980 4254
7274 544
289 6437
-1269 7453
-946 -2946
-5554 2175
-5972 -8068
-3312 -7074
-3588 7490
-3743 -4315
5586 6452
6684 3401
-1399 -6733
-4232 2389
5885 6563
-662 -2368
3939 1123
-1067 1131
-3128 6139
-53 -4721
6496 5805
-2667 3545
4418 -651
-5029 -3572
58 -1850
-5068 301
-5001 -7469
142 6004
3199 -5046
6740 4314
2576 7576
-7379 -2674
6831 -1075
-5542 -1507
2005 -6541
-2365 -5342
-3871 -1696
5696 918
109 54
2748 -3635
1418 2906
-473 -7485
4720 3068
802 4952
-2020 4558
-6787 -5240
7576 -879
6726 -5410
1613 1803
-2296 -1988
7737 -4376
6346 391
-5248 -933
-7766 5115
1790 449
6779 3828
-6701 4483
8039 -1623
2744 3493
6063 -3210
-2397 7866
466 6015
-313 -5184
-1707 5378
512 8067
1814 -245
-3832 -3867
-4471 -7773
-2332 6264
-1455 6300
4268 1983
-868 7902
31 -3133
-1914 7011
6536 -3576
-5719 2071
2117 -5686
6169 -3396
4392 -7958
1120 2957
5464 4486
-2619 5224
8092 -1655
740 2146
1438 2791
6739 -1888
7965 -1890
6494 -8004
1386 7997
-395 3293
105 6117
6409 1300
5699 1474
-2519 5392
1672 4327
-529 -3677
-3169 7944
-2172 7167
7067 3726
3500 -386
-511 3545
-6221 2078
6421 5730
-5380 -2339
-5110 418
-7773 -1696
2250 1001
6793 -6994
-7741 -6688
-4032 -6702
4606 7586
-4513 2089
-1552 7504
-4802 -2484
-2507 4064
6213 1863
8060 734
-960 -6797
4573 -7257
-7767 5212
-4771 5270
-2744 3801
-2006 6308
3892 6748
-3690 -4440
-1101 -3595
3747 5843
447 6203
-4688 482
922 7229
7642 -1142
913 4461
-761 5051
-7519 -6138
-3654 -4662
7651 -4441
6414 -2129
-4732 1086
-7580 1205
3085 -4664
5678 7687
-3386 5123
-5842 -3738
2553 -741
1273 5548
-7401 1083
1088 -4856
-7569 -6034
2501 -1111
-7086 63
2703 5322
-1664 -1143
1315 4210
5413 1011
-2491 2740
7220 1320
6546 874
-436 -2100
6813 6685
-1677 -2467
5119 -7733
1560 2118
3376 -3437
-7145 -362
336 2105
1693 -697
-4827 -5862
-3490 688
-4925 -1268
-2437 2807
-414 -5826
-4579 -5585
7797 4740
-6618 4334
7146 1235
-3597 5349
-7753 7713
-3842 -512
1346 7991
6976 1174
6568 -5387
-3554 -2252
1408 4559
-1240 -5430
-5761 -2608
-2493 1622
3429 -2575
4267 2826
-6302 -5856
-6811 -3104
3563 -7879
1427 -7792
6768 6881
-5305 -5979
-7247 3349
4360 5068
-537 -4823
4353 -5209
737 6011
6169 5396
-1249 -4791
4521 -4613
-7977 -2156
-3143 4751
2190 -905
-7852 7831
3394 -5594
-2226 -3825
3087 -4614
-4315 212
-4024 -7378
183 -4669
4438 5468
2544 -2188
4297 -2804
-1448 -352
-4513 2776
2708 3635
536 4449
3695 4262
-4059 -1398
5553 2982
-7160 5269
-4019 -3283
4315 4773
3681 -3386
-2154 -3539
6418 913
1950 3370
1200 2127
4268 5494
-4550 -3302
-393 -2070
7999 1595
318 409
-803 4008
-4478 2235
4917 -3145
3926 2644
-3958 3817
4140 -4185
2016 93
-6918 6138
6510 3917
4308 -5954
3249 -1307
-3294 -3988
-6771 -7430
2617 6706
-6690 -5382
1468 2305
-3527 3377
-808 7430
-3013 5137
-7411 6606
2972 -7208
266 5551
-1936 -343
-4731 -2199
-7664 -7584
-5050 -71
7471 8001
-781 6589
-7025 8097
-5556 -7132
-2811 -5579
-629 3958
-2494 -3861
3364 577
-8017 -6088
-7685 2331
-2049 4428
-6545 -4501
-7287 -1185
7312 -1847
-34 -7178
-8006 -1840
5470 -752
-7923 3326
-7422 5301
151 3279
4725 2998
-4795 -271
6150 -3582
-1100 4171
7096 5121
-5761 5464
-6109 -2413
-2190 1156
-6452 2223
-3370 -5180
5179 1751
5350 -545
3227 6581
1936 0
-1398 6712
2053 -4206
7089 -6880
5979 7450
1001 3912
954 7413
8062 -379
-5119 6309
-6508 4235
7156 -3217
7158 1454
6075 856
-3107 7271
-5297 -4283
-4922 2890
1216 2070
-6361 -1141
-7085 -5296
-3019 4990
-3553 4039
3973 -2394
5565 876
-1107 -6611
6087 2889
1757 1839
-858 7067
950 4487
3450 80
3186 -5065
-31 -4295
-47 -2457
-3832 4877
2541 -829
-240 3
1294 -5058
5545 -2216
2365 -460
303 -3902
-1118 6281
3051 -8093
8062 532
-2088 -7751
828 -3906
-1287 -7113
-6704 -8092
5140 1476
3891 -6853
2521 -5894
686 2058
6201 -6419
-526 8012
1187 -1842
-5980 -64
3148 4513
3526 -2083
-8125 -2593
3433 2164
636 -883
6158 2124
1555 1411
8056 -1411
6229 2149
5819 3924
-665 3050
2755 5241
-3760 3401
-5170 6562
8041 -945
5396 4680
4597 -4063
3791 539
-3949 5404
-2359 -3979
-6246 -1572
4581 -3212
-5285 4468
4429 3033
-2628 7982
4629 377
4399 -3417
-809 646
4642 7882
5860 3299
6403 4062
-4607 5596
-5250 -2441
-4373 1322
-209 1620
1979 2976
-7425 -1339
-461 4085
4240 261
-3957 -7329
-7310 -2199
3199 2635
-1675 1465
-3623 6310
6995 -3567
-2809 5070
5507 -959
3588 1766
-3775 368
7726 -2562
-6035 6960
-1839 -2188
-4146 5905
5440 4405
-4187 -2801
-7861 -293
-1677 7358
81 1050
5170 54
5434 236
-2522 -4387
4013 7965
4542 342
-6 -2244
-3857 5234
-5846 -3307
6910 -5450
6865 -4391
-6513 -7421
5939 -4039
-810 -1901
6814 2210
3562 -7997
2539 138
-184 5995
2877 3060
5504 -6921
4442 7312
2486 -4441
999 1283
8107 2288
-5032 7267
